100
0
1
19
46
82
67
52
36
32
34
48
70
55
40
33
39
52
68
53
38
32
35
49
72
57
42
34
35
47
68
53
38
32
37
51
65
79
64
49
42
41
51
61
71
56
41
33
36
47
68
52
37
33
37
51
65
80
64
49
43
44
54
64
73
58
42
35
39
50
63
76
61
46
38
40
53
65
78
63
48
41
43
51
60
69
53
38
32
36
49
71
56
41
34
36
49
69
53
39
33
37
52
65
79
64
49
41
41
50
59
69
53
38
32
38
50
66
51
35
30
36
53
69
53
38
32
37
50
64
77
62
47
39
41
53
65
76
60
45
37
40
53
66
50
35
29
37
52
68
53
38
33
38
52
67
51
36
31
35
49
69
53
38
33
37
52
67
52
36
31
35
49
71
55
40
35
38
50
64
79
64
48
42
43
52
61
69
54
37
33
36
50
65
79
64
49
40
44
53
66
50
34
28
34
51
69
54
39
33
38
50
65
80
65
50
